2659
668
1263
42
2650
1308
662
19132
227
130
499
139
138
224
1836
1413
23
28
526
2154
2293
938
4
342
810
8
285
936
816
1316
997
2913
991
1312
993
992
674
714
670
671
1319
673
263
121
124
266
126
574
933
1345
17
27523
55
50
619
363
19
416
576
412
920
1666
1013
821
1661
1278
1346
708
1327
597
5153
310
702
270
271
116
110
81
118
84
832
1710
793
2546
3
2078
520
7
369
420
422
425
1011
427
426
2390
855
2448
446
1333
34
383
1932
382
109
384
2256
102
103
100
106
107
105
784
903
38
1432
2057
2040
381
33
32
2574
2489
37
21
5408
642
3094
439
436
1349
516
1164
339
1340
1779
331
330
333
332
259
65
67
155
170
2076
1589
851
852
853
1639
6522
2565
2
6
2387
1031
706
1377
1352
461
1355
1200
98
1596
1591
2479
91
90
93
167
160
2951
162
1025
12
15
962
1022
861
783
4523
969
1180
2518
2519
1744
1747
1167
1513
151
150
607
2863
601
154
157
158
3635
608
292
919
236
1897
2582
1199
1051
1311
1056
1617
953
1615
872
1613
87
327
1440
329
1297
146
1175
145
143
140
999
610
1274
778
4333
70
836
29
1881
1055
2088
1045
1049
1722
1606
472
1680
470
471
353
1439
1930
431
680
359
